size: 15x15
step: 59
status: 2
retract_lock: 1
last_step: 14 7
chess: 
0 0 0 0 0 0 0 0 0 0 0 0 0 0 0 
0 0 0 0 0 0 0 0 0 0 0 0 0 0 0 
0 0 0 0 0 0 0 0 0 0 0 0 0 0 0 
2 0 0 0 0 0 1 0 0 0 0 0 0 0 0 
1 2 2 0 0 1 1 2 0 0 0 0 0 0 0 
1 1 2 0 0 1 0 1 2 0 0 0 0 0 0 
1 0 1 0 0 2 1 1 2 0 0 0 0 0 0 
0 1 0 0 0 2 2 0 0 0 0 0 0 0 0 
0 0 0 0 0 0 0 2 0 0 0 0 0 0 0 
0 0 0 0 0 0 0 0 0 0 0 0 0 0 0 
0 0 0 0 0 0 0 0 0 0 0 0 0 0 0 
0 2 2 0 0 0 2 2 2 0 0 0 0 0 0 
1 1 2 0 0 2 1 1 2 1 1 1 0 0 0 
0 0 1 0 0 2 1 0 1 2 2 1 0 0 0 
1 0 1 0 0 2 1 1 0 0 0 0 0 0 0 
